(6.73805)
(4.78841)
(5.52181)
(7.34852)
(8.96379)
(7.84358)
(6.44494)
(8.62358)
(9.39566)
(8.53861)
(9.45245)
(7.97838)
(9.80212)
(7.84291)
(8.4306)
(9.22942)
(6.3228)
(9.16391)
(8.01562)
(9.56919)
(9.40757)
(9.63153)
(8.93273)
(6.56434)
(9.26231)
(8.8152)
(4.12832)
(6.94929)
(5.59318)
(5.91776)
(9.49506)
(9.03166)
(8.99742)
(5.5061)
(7.13142)
(9.63058)
(7.07065)
(7.62564)
(8.97465)
(7.18396)
(7.90272)
(7.16046)
(6.61761)
(9.06389)
(9.79625)
(7.68571)
(9.10948)
(7.97564)
(7.75808)
(7.36537)
(8.16646)
(9.04772)
(8.43658)
(9.55932)
(8.00114)
(7.63007)
(9.32045)
(9.1133)
(9.78201)
(6.16017)
(6.16041)
(9.81761)
(9.7752)
(4.53711)
